0650 0000.0111
1250 0011.0000
0900 1010.0000
0350 0000.0100
0600 0100.0111
0650 0000.0000
0900 1111.0000
0350 1111.0100
0600 0101.0111
0650 1110.0000
0900 1111.0100
0950 0000.0100
0600 1100.0000
0950 1010.0000
0650 0100.0111
0300 0000.0011
0600 1111.0000
0100 0000.0111
0250 1111.0111
0900 0000.1011
0650 1010.0000
0600 1000.0000
0650 1111.0100
0600 0011.0000
0650 0000.0011
1550 1110.0000
0300 1111.0000
0600 1110.0000
0350 0011.0000
1250 0001.0000
0300 1111.0111
0600 0011.0000
0650 1110.0000
0950 0000.0000
0300 1011.0000
0600 0100.0000
0070 1111.0100
1530 0001.0000
0300 1011.0000
0600 0000.0011
0350 1000.0000
0300 0001.0000
0900 1111.0111
0350 0000.0011
0600 1111.0111
0650 0101.0111
0900 1010.0000
0300 0000.1011
0350 0101.0111
0300 0000.0100
0650 0101.0111
1250 0000.1011
0600 1000.0000
0550 1010.0000
1000 1111.0111
0300 0100.0000
0350 0001.0000
0250 1010.0000
0150 1111.0111
0500 1100.0000
0350 1110.0000
0600 0000.1011
0950 0010.0000
0600 0000.0100
0150 0100.0000
0800 0011.0000
0300 0000.0000
0650 0000.0100
0600 1110.0000
0650 0000.0000
0300 1010.0000
0300 0100.0000
0250 1110.0000
0350 0000.0100
0350 1000.0000
0300 0000.0111
0250 1110.0000
0300 0000.0011
0100 1010.0000
0300 0011.0000
0300 0000.1011
0600 1011.0000
0350 0000.1111
0300 0011.0000
0250 0000.0011
0700 0111.0111
0300 1100.0000
0600 0000.0000
0350 0001.0000
0300 0000.0011
0900 0001.0000
0250 1110.0000
0100 1011.0000
0450 0000.0111
0150 1111.0000
0350 1111.0111
0300 1000.0000
1250 0000.1111
0600 1111.0100
0250 0100.0000
0400 0100.0111
1850 0011.0000
0300 1110.0000
1250 1000.0000
0650 0111.0111
0300 1110.0000
0650 0000.0011
0900 0100.0111
0300 1110.0000
0350 0000.0111
0300 0000.0011
0150 0001.0000
0450 0000.0100
1900 0100.0000
1850 1111.0111
0650 0010.0000
0600 1010.0000
0950 0000.1111
0900 0000.1111
0650 0001.0000
1250 0000.0000
0600 1000.0000
0650 0100.0111
0750 1000.0000
0500 0100.0000
0600 1100.0000
0650 0000.0000
0950 1111.0000
0300 1111.0000
1850 0000.1011
0300 1110.0000
0350 0111.0111
0550 0111.0111
0070 1111.0000
0280 1110.0000
1400 1100.0000
0150 1000.0000
0650 0100.0000
0500 0000.0111
0100 1100.0000
0650 0000.0111
0300 0000.0100
0250 0001.0000
0700 1000.0000
0850 1010.0000
1000 1110.0000
0650 0000.1111
0750 0111.0111
0800 0000.0011
0950 1111.0111
0600 1000.0000
1250 1000.0000
2200 0000.1011
0300 0000.1011
0950 1000.0000
1550 1100.0000
0600 1111.0111
0650 0101.0111
1250 1111.0000
0600 1100.0000
0650 1000.0000
1250 0011.0000
0600 0100.0111
0650 0100.0111
0900 1010.0000
0650 0011.0000
0300 0000.0111
0300 0000.0111
0500 0000.1011
0500 0000.0011
0600 0000.0111
0600 1110.0000
1400 1010.0000
0150 0000.0000
0300 0001.0000
0650 0100.0111
0600 0101.0111
0800 0000.0011
0450 0000.0011
0300 0000.0111
0300 0011.0000
0070 0000.1111
0130 0011.0000
0150 0000.1011
1200 0000.0000
0350 0000.1111
0150 1110.0000
0450 1110.0000
1900 0101.0111
0600 0000.1011
1600 1000.0000
0300 0100.0111
0300 1110.0000
0300 0001.0000
0350 1111.0100
0300 1110.0000
1250 0000.0011
1250 0010.0000
0350 0000.0000
0100 1111.0000
0500 1111.0000
0300 1110.0000
0900 1111.0111
2150 0000.0111
0070 0000.0011
1030 1000.0000
0200 0000.0100
0300 1111.0100
0300 0010.0000
0450 0000.0111
0199 1011.0000
0600 1111.0111
0950 1100.0000
0299 1010.0000
0650 0000.1111
0600 1000.0000
0650 0000.0000
0300 0101.0111
0300 1000.0000
0500 0000.0111
0150 0000.0000
0300 0100.0000
0450 0000.0111
0800 1011.0000
0300 1111.0100
0600 0000.1111
0650 0000.1011
0400 0000.1011
1450 1110.0000
0350 0000.0000
1550 1111.0000
0600 1000.0000
0300 1100.0000
0150 1111.0000
0200 1010.0000
0500 0000.0111
0400 0100.0000
0500 1111.0000
0800 0111.0111
0300 0000.0100
0850 0101.0111
0400 0101.0111
0600 0000.0100
0650 0000.0011
0900 1010.0000
0300 0001.0000
0650 0000.0011
0300 1010.0000
0300 0000.1011
1250 1000.0000
0650 0000.0111
0400 0000.0011
0200 0100.0000
1400 0111.0111
0500 0011.0000
0300 1110.0000
0300 1110.0000
0950 0000.0000
0900 1000.0000
0650 0000.0000
0950 0001.0000
0300 1111.0100
0350 0000.0011
0250 0000.0111
0550 1111.0111
1950 0101.0111
0650 0100.0111
0600 1010.0000
0100 0010.0000
1000 0000.1111
0150 1000.0000
0650 0000.0000
0900 0000.0111
0350 0000.0000
0600 1111.0000
1550 0100.0000
0350 0000.0100
0600 0000.1111
0600 1100.0000
0950 1110.0000
0300 0000.1011
0350 0101.0111
0300 0111.0111
0600 1010.0000
0350 0000.1111
1550 1110.0000
0600 0000.0011
0650 0100.0000
0600 1110.0000
0650 0010.0000
0600 0000.0000
0950 1110.0000
0300 1000.0000
0650 0100.0111
0300 0000.0100
1550 1100.0000
0600 0000.1111
0650 1000.0000
0600 0010.0000
0350 0111.0111
0300 0000.0111
0350 0100.0000
0250 0000.0111
0350 0000.0011
1550 0000.0000
0600 1010.0000
0400 0111.0111
0250 1100.0000
1850 0010.0000
0650 0000.0011
0600 1111.0111
0650 0000.0011
0600 0000.1111
0650 0100.0111
0400 0111.0111
0850 0000.0111
0350 0011.0000
0600 1100.0000
0250 1100.0000
0300 0100.0111
0500 0111.0111
0150 0000.1111
1300 0000.0111
0300 0000.0111
1200 0000.0000
1600 1110.0000
0600 0010.0000
0300 1011.0000
0650 1010.0000
0600 0011.0000
1000 0111.0111
0550 0010.0000
0550 0111.0111
0400 0100.0111
0850 0111.0111
0100 0001.0000
0900 0000.0011
1900 0000.1111
0600 0000.0000
1600 0100.0111
0200 1000.0000
0100 1100.0000
0600 0000.1011
0350 1010.0000
0300 0000.0011
0350 0010.0000
0900 1011.0000
0300 0111.0111
0700 1100.0000
1800 0000.0100
0300 0000.0011
0300 1111.0111
0350 1111.0111
0900 0111.0111
0350 0000.0000
0300 1110.0000
0300 1000.0000
0400 0000.0011
0200 1010.0000
0950 0000.0011
0650 0011.0000
0250 1000.0000
0650 0000.0000
0950 0000.0011
0150 1110.0000
0150 0010.0000
0200 1111.0100
0450 0000.1011
1550 0000.0100
0300 1000.0000
0600 0000.1111
0070 0001.0000
0580 1000.0000
0150 1111.0000
0150 1100.0000
0350 0101.0111
0300 1111.0000
0300 0000.1011
1050 1110.0000
1450 0010.0000
0900 1111.0111
0600 1010.0000
1600 0000.0011
0350 0101.0111
0100 0000.0011
0100 0101.0111
0100 0111.0111
0950 0101.0111
0300 0000.0111
0600 0000.0011
1100 0111.0111
0800 0100.0000
0600 0000.0000
1100 0100.0000
0450 0011.0000
0350 0000.0100
0600 0000.0100